Got data {broadcastState,<<128,4,149,79,0,0,0,0,0,0,0,125,148,40,140,5,98,111,
                           97,114,100,148,93,148,40,93,148,40,75,1,75,2,75,3,
                           101,93,148,40,75,4,75,5,75,6,101,93,148,40,75,7,75,
                           8,75,9,101,101,140,13,99,117,114,114,101,110,116,
                           80,108,97,121,101,114,148,75,0,140,8,103,97,109,
                           101,79,118,101,114,148,140,0,148,117,46>>} from server.
Got data {broadcastState,<<128,4,149,79,0,0,0,0,0,0,0,125,148,40,140,5,98,111,
                           97,114,100,148,93,148,40,93,148,40,75,1,75,2,75,3,
                           101,93,148,40,75,4,75,5,75,6,101,93,148,40,75,7,75,
                           8,75,9,101,101,140,13,99,117,114,114,101,110,116,
                           80,108,97,121,101,114,148,75,0,140,8,103,97,109,
                           101,79,118,101,114,148,140,0,148,117,46>>} from server.
Got data {broadcastState,<<128,4,149,79,0,0,0,0,0,0,0,125,148,40,140,5,98,111,
                           97,114,100,148,93,148,40,93,148,40,75,1,75,2,75,3,
                           101,93,148,40,75,4,75,5,75,6,101,93,148,40,75,7,75,
                           8,75,9,101,101,140,13,99,117,114,114,101,110,116,
                           80,108,97,121,101,114,148,75,0,140,8,103,97,109,
                           101,79,118,101,114,148,140,0,148,117,46>>} from server.
Got data {event,{0,0}} from client.
Got data {broadcastState,<<128,4,149,81,0,0,0,0,0,0,0,125,148,40,140,5,98,111,
                           97,114,100,148,93,148,40,93,148,40,140,1,88,148,75,
                           2,75,3,101,93,148,40,75,4,75,5,75,6,101,93,148,40,
                           75,7,75,8,75,9,101,101,140,13,99,117,114,114,101,
                           110,116,80,108,97,121,101,114,148,75,1,140,8,103,
                           97,109,101,79,118,101,114,148,140,0,148,117,46>>} from server.
Got data {event,{1,1}} from client.
Got data {broadcastState,<<128,4,149,83,0,0,0,0,0,0,0,125,148,40,140,5,98,111,
                           97,114,100,148,93,148,40,93,148,40,140,1,88,148,
                           140,1,79,148,75,3,101,93,148,40,75,4,75,5,75,6,101,
                           93,148,40,75,7,75,8,75,9,101,101,140,13,99,117,114,
                           114,101,110,116,80,108,97,121,101,114,148,75,0,140,
                           8,103,97,109,101,79,118,101,114,148,140,0,148,117,
                           46>>} from server.
Got data {event,{0,4}} from client.
Got data {broadcastState,<<128,4,149,83,0,0,0,0,0,0,0,125,148,40,140,5,98,111,
                           97,114,100,148,93,148,40,93,148,40,140,1,88,148,
                           140,1,79,148,75,3,101,93,148,40,75,4,104,4,75,6,
                           101,93,148,40,75,7,75,8,75,9,101,101,140,13,99,117,
                           114,114,101,110,116,80,108,97,121,101,114,148,75,1,
                           140,8,103,97,109,101,79,118,101,114,148,140,0,148,
                           117,46>>} from server.
Got data {event,{1,5}} from client.
Got data {broadcastState,<<128,4,149,83,0,0,0,0,0,0,0,125,148,40,140,5,98,111,
                           97,114,100,148,93,148,40,93,148,40,140,1,88,148,
                           140,1,79,148,75,3,101,93,148,40,75,4,104,4,104,5,
                           101,93,148,40,75,7,75,8,75,9,101,101,140,13,99,117,
                           114,114,101,110,116,80,108,97,121,101,114,148,75,0,
                           140,8,103,97,109,101,79,118,101,114,148,140,0,148,
                           117,46>>} from server.
Got data {event,{0,8}} from client.
Got data {broadcastState,<<128,4,149,97,0,0,0,0,0,0,0,125,148,40,140,5,98,111,
                           97,114,100,148,93,148,40,93,148,40,140,1,88,148,
                           140,1,79,148,75,3,101,93,148,40,75,4,104,4,104,5,
                           101,93,148,40,75,7,75,8,104,4,101,101,140,13,99,
                           117,114,114,101,110,116,80,108,97,121,101,114,148,
                           75,1,140,8,103,97,109,101,79,118,101,114,148,140,
                           14,80,108,97,121,101,114,32,48,32,119,105,110,115,
                           33,148,117,46>>} from server.

BREAK: (a)bort (A)bort with dump (c)ontinue (p)roc info (i)nfo
       (l)oaded (v)ersion (k)ill (D)b-tables (d)istribution
